file	product	first_site	first_codon	last_site	last_codon	sum_nonsyn_diffs	sum_syn_diffs	sum_nonsyn_sites	sum_syn_sites	piN	piS	piN/piS	piN_vs_ref	piS_vs_ref	piN/piS_vs_ref
temp_vcf4_Anhui_ferret27_day1.vcf	NA	1	ATG	150	ACA	0.455735276156683	0.0725851569136193	112.273376233167	37.7266237668328	0.00405915713454827	0.00192397701321559	2.10977423673275	0.00285133225918843	0.000999497660793666	2.85276531505265
temp_vcf4_Anhui_ferret27_day1.vcf	NA	4	AAT	153	ACC	0.483332690096377	0.0725851569136193	111.27804036498	38.7219596350204	0.00434346874289931	0.00187452178551348	2.3171076359134	0.00300257889016567	0.000973805885859378	3.08334436438111
temp_vcf4_Anhui_ferret27_day1.vcf	NA	7	CCA	156	AAC	0.483332690096377	0.0725851569136193	111.27804036498	38.7219596350204	0.00434346874289931	0.00187452178551348	2.3171076359134	0.00300257889016567	0.000973805885859378	3.08334436438112
temp_vcf4_Anhui_ferret27_day1.vcf	NA	10	AAT	159	ACA	0.483332690096377	0.0725851569136193	111.27804036498	38.7219596350204	0.00434346874289931	0.00187452178551348	2.3171076359134	0.00300257889016567	0.000973805885859378	3.08334436438112
temp_vcf4_Anhui_ferret27_day1.vcf	NA	13	CAG	162	AGC	0.483332690096377	0.0725851569136193	111.27804036498	38.7219596350204	0.00434346874289931	0.00187452178551348	2.3171076359134	0.00300257889016567	0.000973805885859378	3.08334436438112
temp_vcf4_Anhui_ferret27_day1.vcf	NA	16	AAG	165	CAA	0.483332690096377	0.0725851569136193	111.27804036498	38.7219596350204	0.00434346874289931	0.00187452178551348	2.3171076359134	0.00300257889016567	0.000973805885859378	3.08334436438112
temp_vcf4_Anhui_ferret27_day1.vcf	NA	19	ATT	168	ACA	0.483332690096377	0.0725851569136193	110.611373698313	39.388626301687	0.0043696472969827	0.00184279483010329	2.37120661812242	0.00302067575663774	0.000957323871002251	3.15533316167632
temp_vcf4_Anhui_ferret27_day1.vcf	NA	22	CTA	171	ATA	0.483332690096377	0.0725851569136193	110.611373698313	39.388626301687	0.0043696472969827	0.00184279483010329	2.37120661812242	0.00302067575663774	0.000957323871002251	3.15533316167632
temp_vcf4_Anhui_ferret27_day1.vcf	NA	25	TGC	174	ATA	0.483332690096377	0.0725851569136193	111.27804036498	38.7219596350204	0.00434346874289931	0.00187452178551348	2.3171076359134	0.00300257889016567	0.000973805885859378	3.08334436438111
temp_vcf4_Anhui_ferret27_day1.vcf	NA	28	ACT	177	AAC	0.483332690096377	0.0725851569136193	111.444707031646	38.5552929683537	0.00433697304223813	0.00188262496081141	2.30368402231791	0.00299808850360218	0.000978015450058768	3.06548174000935
temp_vcf4_Anhui_ferret27_day1.vcf	NA	31	TCA	180	AAC	0.0602315907757117	0.0725851569136193	112.010191342697	37.9898086573032	0.000537733129938438	0.00191064813114465	0.281440167434852	0.000272957556127923	0.000992573364734311	0.274999879934304
temp_vcf4_Anhui_ferret27_day1.vcf	NA	34	GCC	183	TAT	0.0275974139396933	0.0725851569136193	112.004664131812	37.9953358681876	0.000246395220713446	0.00191037018768382	0.128977735468214	0.000124926899658352	0.000992428974319547	0.125879939916111
temp_vcf4_Anhui_ferret27_day1.vcf	NA	37	ACT	186	TAT	0.0275974139396933	0.0725851569136193	112.004664131812	37.9953358681876	0.000246395220713446	0.00191037018768382	0.128977735468214	0.000124926899658352	0.000992428974319547	0.125879939916111
temp_vcf4_Anhui_ferret27_day1.vcf	NA	40	GCT	189	AAT	0.0275974139396933	0.0725851569136193	112.671330798479	37.3286692015209	0.000244937321181138	0.00194448820347075	0.125964930383195	0.000124187717834706	0.00101015313460614	0.122939496577543
temp_vcf4_Anhui_ferret27_day1.vcf	NA	43	ATC	192	GAA	0.0275974139396933	0.0725851569136193	113.337997465146	36.6620025348542	0.000243496572702197	0.00197984703221307	0.122987568605246	0.000123457231909937	0.00102852189180729	0.120033645266414
temp_vcf4_Anhui_ferret27_day1.vcf	NA	46	ATA	195	ACA	0.0275974139396933	0.0725851569136193	113.004664131812	36.9953358681876	0.000244214822031618	0.00196200832375834	0.124471858286417	0.000123821397503922	0.00101925476062557	0.121482285182486
temp_vcf4_Anhui_ferret27_day1.vcf	NA	49	ATA	198	AAC	0.0275974139396933	0.0725851569136193	113.337997465146	36.6620025348542	0.000243496572702197	0.00197984703221307	0.122987568605246	0.000123457231909937	0.00102852189180729	0.120033645266414
temp_vcf4_Anhui_ferret27_day1.vcf	NA	52	GGC	201	ATC	0.0275974139396933	0.0725851569136193	113.337997465146	36.6620025348542	0.000243496572702197	0.00197984703221307	0.122987568605246	0.000123457231909937	0.00102852189180729	0.120033645266414
temp_vcf4_Anhui_ferret27_day1.vcf	NA	55	GCA	204	ACC	0.0275974139396933	0.0725851569136193	113.337997465146	36.6620025348542	0.000243496572702197	0.00197984703221307	0.122987568605246	0.000123457231909937	0.00102852189180729	0.120033645266414
temp_vcf4_Anhui_ferret27_day1.vcf	NA	58	ATC	207	AAC	0.0275974139396933	0.0725851569136193	114.004664131812	35.9953358681876	0.000242072674393261	0.00201651561689607	0.120045028347399	0.000122735289330657	0.00104757106150294	0.117161779129876
temp_vcf4_Anhui_ferret27_day1.vcf	NA	61	GCA	210	ATC	0.0275974139396933	0.0725851569136193	114.004664131812	35.9953358681876	0.000242072674393261	0.00201651561689607	0.120045028347399	0.000122735289330657	0.00104757106150294	0.117161779129876
temp_vcf4_Anhui_ferret27_day1.vcf	NA	64	GTA	213	CAA	0.0275974139396933	0.0725851569136193	114.671330798479	35.3286692015209	0.000240665332367969	0.00205456810443611	0.117136702282264	0.000122021741091087	0.00106733916269251	0.114323305427367
temp_vcf4_Anhui_ferret27_day1.vcf	NA	67	CTC	216	ATG	0.0275974139396933	0.0725851569136193	115.671330798479	34.3286692015209	0.000238584736158808	0.00211441802440753	0.112837070723354	0.000120966840622243	0.00109843093489105	0.110126942695985
temp_vcf4_Anhui_ferret27_day1.vcf	NA	70	ATT	219	GAA	0.0275974139396933	0.0725851569136193	116.337997465146	33.6620025348542	0.00023721754320175	0.00215629348962419	0.110011714241688	0.000120273648697232	0.00112018505629749	0.107369445808149
temp_vcf4_Anhui_ferret27_day1.vcf	NA	73	GGA	222	GAG	0.0275974139396933	0.0725851569136193	116.671330798479	33.3286692015209	0.000236539805887369	0.00217785944211379	0.108611144187427	0.000119930023438498	0.00113138847448705	0.106002514735598
temp_vcf4_Anhui_ferret27_day1.vcf	NA	76	ATA	225	AGA	0.0275974139396933	0.0725851569136193	116.837997465146	33.1620025348542	0.000236202387394785	0.00218880499865261	0.107913855980861	0.000119758946069206	0.00113707464333495	0.105321974042058
temp_vcf4_Anhui_ferret27_day1.vcf	NA	79	GCA	228	ACA	0.0275974139396933	0.0725851569136193	116.504664131813	33.4953358681876	0.000236878189773328	0.00216702281175086	0.109310427416286	0.000120101590279952	0.00112575889231209	0.106685002534857
temp_vcf4_Anhui_ferret27_day1.vcf	NA	82	AAC	231	AGC	0.0275974139396933	0.0725851569136193	117.171330798479	32.8286692015209	0.00023553043011142	0.0022110295262976	0.106525230581529	0.000119418251392294	0.00114862018844325	0.103966700736946
temp_vcf4_Anhui_ferret27_day1.vcf	NA	85	CTA	234	AGG	0.0275974139396933	0.0725851569136193	116.837997465146	33.1620025348542	0.000236202387394785	0.00218880499865261	0.107913855980861	0.000119758946069206	0.00113707464333495	0.105321974042058
temp_vcf4_Anhui_ferret27_day1.vcf	NA	88	GGA	237	AAT	0.0275974139396933	0.0725851569136193	117.837997465146	32.1620025348542	0.000234197920308821	0.0022568606178971	0.10377154816368	0.000118742644463227	0.00117242924049048	0.101279156440649
temp_vcf4_Anhui_ferret27_day1.vcf	NA	91	TTG	240	TTC	0.0275974139396933	0.0725851569136193	118.504664131813	31.4953358681876	0.000232880402994069	0.00230463193716678	0.101048848294779	0.000118074639000695	0.00119724623234386	0.0986218505524457
temp_vcf4_Anhui_ferret27_day1.vcf	NA	94	AAC	243	AAT	0.0275974139396933	0.0725851569136193	118.837997465146	31.1620025348542	0.000232227187670235	0.00232928409631037	0.0996989538708856	0.000117743446841287	0.00121005292141982	0.0973043779797106
temp_vcf4_Anhui_ferret27_day1.vcf	NA	97	ATA	246	AAC	0.0275974139396933	0.0725851569136193	118.837997465146	31.1620025348542	0.000232227187670235	0.00232928409631037	0.0996989538708856	0.000117743446841287	0.00121005292141982	0.0973043779797106
temp_vcf4_Anhui_ferret27_day1.vcf	NA	100	GGA	249	TTA	0.0275974139396933	0.0725851569136193	118.837997465146	31.1620025348542	0.000232227187670235	0.00232928409631037	0.0996989538708856	0.000117743446841287	0.00121005292141982	0.0973043779797106
temp_vcf4_Anhui_ferret27_day1.vcf	NA	103	CTG	252	ACT	0.0275974139396933	0.0725851569136193	118.837997465146	31.1620025348542	0.000232227187670235	0.00232928409631037	0.0996989538708856	0.000117743446841287	0.00121005292141982	0.0973043779797106
temp_vcf4_Anhui_ferret27_day1.vcf	NA	106	CAT	255	AAA	0.0275974139396933	0.0725851569136193	119.837997465146	30.1620025348542	0.000230289344977747	0.00240650987379708	0.0956943279083196	0.000116760925025737	0.00125017137575724	0.0933959353812706
temp_vcf4_Anhui_ferret27_day1.vcf	NA	109	CTA	258	GGG	0.0275974139396933	0.0725851569136193	119.171330798479	30.8286692015209	0.000231577626554838	0.00235446935575274	0.0983566110083438	0.000117414107432632	0.00122313655377417	0.095994275594441
temp_vcf4_Anhui_ferret27_day1.vcf	NA	112	AAA	261	CTC	0.0275974139396933	0.0725851569136193	119.504664131813	30.4953358681876	0.000230931689069923	0.00238020519686551	0.0970217565166383	0.000117086605271146	0.00123650621090317	0.094691481723835
temp_vcf4_Anhui_ferret27_day1.vcf	NA	115	CCG	264	TGT	0.0275974139396933	0.0725851569136193	119.337997465146	30.6620025348542	0.000231254206756347	0.00236726733132026	0.0976882516379652	0.000117250127658201	0.00122978504622224	0.095341968922439
temp_vcf4_Anhui_ferret27_day1.vcf	NA	118	GGC	267	ACT	0.0275974139396933	0	119.337997465146	30.6620025348542	0.000231254206756347	0	*	0.000117250127658201	0	*
temp_vcf4_Anhui_ferret27_day1.vcf	NA	121	TGC	270	ATA	0.0275974139396933	0	119.671330798479	30.3286692015209	0.000230610069726441	0	*	0.000116923538360453	0	*
temp_vcf4_Anhui_ferret27_day1.vcf	NA	124	AAT	273	AAT	0.0275974139396933	0	119.837997465146	30.1620025348542	0.000230289344977747	0	*	0.000116760925025737	0	*
temp_vcf4_Anhui_ferret27_day1.vcf	NA	127	TGC	276	TCA	0.0275974139396933	0	119.171330798479	30.8286692015209	0.000231577626554838	0	*	0.000117414107432632	0	*
temp_vcf4_Anhui_ferret27_day1.vcf	NA	130	TCA	279	TGG	0.0275974139396933	0	119.671330798479	30.3286692015209	0.000230610069726441	0	*	0.000116923538360453	0	*
temp_vcf4_Anhui_ferret27_day1.vcf	NA	133	CAC	282	CAC	0.0275974139396933	0	120.337997465146	29.6620025348542	0.000229332501130298	0	*	0.000116275787631543	0	*
temp_vcf4_Anhui_ferret27_day1.vcf	NA	136	TCA	285	ATA	0.0275974139396933	0	120.004664131812	29.9953358681876	0.000229969511096506	0	*	0.000116598763377174	0	*
temp_vcf4_Anhui_ferret27_day1.vcf	NA	139	CAA	288	TAT	0.0275974139396933	0	120.004664131812	29.9953358681876	0.000229969511096506	0	*	0.000116598763377174	0	*
temp_vcf4_Anhui_ferret27_day1.vcf	NA	142	CCT	291	GGG	0.0275974139396933	0	119.337997465146	30.6620025348542	0.000231254206756347	0	*	0.000117250127658201	0	*
temp_vcf4_Anhui_ferret27_day1.vcf	NA	145	GAA	294	AAA	0.0275974139396933	0	120.004664131812	29.9953358681876	0.000229969511096506	0	*	0.000116598763377174	0	*
temp_vcf4_Anhui_ferret27_day1.vcf	NA	148	ACA	297	GAC	0.0275974139396933	0	120.004664131812	29.9953358681876	0.000229969511096506	0	*	0.000116598763377174	0	*
temp_vcf4_Anhui_ferret27_day1.vcf	NA	151	ACC	300	AAT	0.0275974139396933	0	120.671330798479	29.3286692015209	0.000228699010420138	0	*	0.000115954596213326	0	*
temp_vcf4_Anhui_ferret27_day1.vcf	NA	154	AAC	303	GCA	0	0	120.666666666667	29.3333333333333	0	0	*	0	0	*
temp_vcf4_Anhui_ferret27_day1.vcf	NA	157	ACA	306	GTA	0	0	120	30	0	0	*	0	0	*
temp_vcf4_Anhui_ferret27_day1.vcf	NA	160	AGC	309	AGA	0	0	120.166666666667	29.8333333333333	0	0	*	0	0	*
temp_vcf4_Anhui_ferret27_day1.vcf	NA	163	CAA	312	ATT	0	0	119.833333333333	30.1666666666667	0	0	*	0	0	*
temp_vcf4_Anhui_ferret27_day1.vcf	NA	166	ACA	315	GGA	0	0	119.166666666667	30.8333333333333	0	0	*	0	0	*
temp_vcf4_Anhui_ferret27_day1.vcf	NA	169	ATA	318	GAG	0	0	119.833333333333	30.1666666666667	0	0	*	0	0	*
temp_vcf4_Anhui_ferret27_day1.vcf	NA	172	ATA	321	AGC	0	0	120.166666666667	29.8333333333333	0	0	*	0	0	*
temp_vcf4_Anhui_ferret27_day1.vcf	NA	175	AAC	324	TCG	0	0	119.833333333333	30.1666666666667	0	0	*	0	0	*
temp_vcf4_Anhui_ferret27_day1.vcf	NA	178	AAC	327	GAT	0	0	119.833333333333	30.1666666666667	0	0	*	0	0	*
temp_vcf4_Anhui_ferret27_day1.vcf	NA	181	TAT	330	GTT	0	0	119.166666666667	30.8333333333333	0	0	*	0	0	*
temp_vcf4_Anhui_ferret27_day1.vcf	NA	184	TAT	333	TTA	0	0	119.5	30.5	0	0	*	0	0	*
temp_vcf4_Anhui_ferret27_day1.vcf	NA	187	AAT	336	GTC	0	0	119.5	30.5	0	0	*	0	0	*
temp_vcf4_Anhui_ferret27_day1.vcf	NA	190	GAA	339	ACA	0	0	118.833333333333	31.1666666666667	0	0	*	0	0	*
temp_vcf4_Anhui_ferret27_day1.vcf	NA	193	ACA	342	AGA	0	0	118.333333333333	31.6666666666667	0	0	*	0	0	*
temp_vcf4_Anhui_ferret27_day1.vcf	NA	196	AAC	345	GAA	0	0	119	31	0	0	*	0	0	*
temp_vcf4_Anhui_ferret27_day1.vcf	NA	199	ATC	348	CCC	0	0	118.333333333333	31.6666666666667	0	0	*	0	0	*
temp_vcf4_Anhui_ferret27_day1.vcf	NA	202	ACC	351	TAT	0	0	118	32	0	0	*	0	0	*
temp_vcf4_Anhui_ferret27_day1.vcf	NA	205	AAC	354	GTT	0	0	118	32	0	0	*	0	0	*
temp_vcf4_Anhui_ferret27_day1.vcf	NA	208	ATC	357	TCA	0	0	117.333333333333	32.6666666666667	0	0	*	0	0	*
temp_vcf4_Anhui_ferret27_day1.vcf	NA	211	CAA	360	TGC	0	0	117.5	32.5	0	0	*	0	0	*
temp_vcf4_Anhui_ferret27_day1.vcf	NA	214	ATG	363	GAC	0	0	117.5	32.5	0	0	*	0	0	*
temp_vcf4_Anhui_ferret27_day1.vcf	NA	217	GAA	366	CCA	0	0	116.5	33.5	0	0	*	0	0	*
temp_vcf4_Anhui_ferret27_day1.vcf	NA	220	GAG	369	GAT	0	0	116.5	33.5	0	0	*	0	0	*
temp_vcf4_Anhui_ferret27_day1.vcf	NA	223	AGA	372	GAA	0	0	116.5	33.5	0	0	*	0	0	*
temp_vcf4_Anhui_ferret27_day1.vcf	NA	226	ACA	375	TGC	0	0	116.833333333333	33.1666666666667	0	0	*	0	0	*
temp_vcf4_Anhui_ferret27_day1.vcf	NA	229	AGC	378	AGG	0	0	117.166666666667	32.8333333333333	0	0	*	0	0	*
temp_vcf4_Anhui_ferret27_day1.vcf	NA	232	AGG	381	TTC	0	0	117.166666666667	32.8333333333333	0	0	*	0	0	*
temp_vcf4_Anhui_ferret27_day1.vcf	NA	235	AAT	384	TAT	0	0	116.833333333333	33.1666666666667	0	0	*	0	0	*
temp_vcf4_Anhui_ferret27_day1.vcf	NA	238	TTC	387	GCT	0	0	116.166666666667	33.8333333333333	0	0	*	0	0	*
temp_vcf4_Anhui_ferret27_day1.vcf	NA	241	AAT	390	CTC	0	0	115.5	34.5	0	0	*	0	0	*
temp_vcf4_Anhui_ferret27_day1.vcf	NA	244	AAC	393	AGC	0	0	115.5	34.5	0	0	*	0	0	*
temp_vcf4_Anhui_ferret27_day1.vcf	NA	247	TTA	396	CAA	0	0	115.5	34.5	0	0	*	0	0	*
temp_vcf4_Anhui_ferret27_day1.vcf	NA	250	ACT	399	GGA	0	0	115.166666666667	34.8333333333333	0	0	*	0	0	*
temp_vcf4_Anhui_ferret27_day1.vcf	NA	253	AAA	402	ACA	0	0	115.166666666667	34.8333333333333	0	0	*	0	0	*
temp_vcf4_Anhui_ferret27_day1.vcf	NA	256	GGG	405	ACA	0	0	114.5	35.5	0	0	*	0	0	*
temp_vcf4_Anhui_ferret27_day1.vcf	NA	259	CTC	408	ATC	0	0	114.833333333333	35.1666666666667	0	0	*	0	0	*
temp_vcf4_Anhui_ferret27_day1.vcf	NA	262	TGT	411	AGA	0	0	115	35	0	0	*	0	0	*
temp_vcf4_Anhui_ferret27_day1.vcf	NA	265	ACT	414	GGG	0	0	114.5	35.5	0	0	*	0	0	*
temp_vcf4_Anhui_ferret27_day1.vcf	NA	268	ATA	417	AAA	0	0	115.166666666667	34.8333333333333	0	0	*	0	0	*
temp_vcf4_Anhui_ferret27_day1.vcf	NA	271	AAT	420	CAC	0	0	115.5	34.5	0	0	*	0	0	*
temp_vcf4_Anhui_ferret27_day1.vcf	NA	274	TCA	423	TCA	0	0	114.833333333333	35.1666666666667	0	0	*	0	0	*
temp_vcf4_Anhui_ferret27_day1.vcf	NA	277	TGG	426	AAC	0	0	115.5	34.5	0	0	*	0	0	*
temp_vcf4_Anhui_ferret27_day1.vcf	NA	280	CAC	429	GGA	0	0	114.5	35.5	0	0	*	0	0	*
temp_vcf4_Anhui_ferret27_day1.vcf	NA	283	ATA	432	ACA	0	0	113.833333333333	36.1666666666667	0	0	*	0	0	*
temp_vcf4_Anhui_ferret27_day1.vcf	NA	286	TAT	435	ATA	0	0	113.833333333333	36.1666666666667	0	0	*	0	0	*
temp_vcf4_Anhui_ferret27_day1.vcf	NA	289	GGG	438	CAC	0	0	114.5	35.5	0	0	*	0	0	*
temp_vcf4_Anhui_ferret27_day1.vcf	NA	292	AAA	441	GAT	0	0	115.166666666667	34.8333333333333	0	0	*	0	0	*
temp_vcf4_Anhui_ferret27_day1.vcf	NA	295	GAC	444	AGG	0	0	114.833333333333	35.1666666666667	0	0	*	0	0	*
temp_vcf4_Anhui_ferret27_day1.vcf	NA	298	AAT	447	TCC	0	0	114.166666666667	35.8333333333333	0	0	*	0	0	*
temp_vcf4_Anhui_ferret27_day1.vcf	NA	301	GCA	450	CAG	0	0	114.166666666667	35.8333333333333	0	0	*	0	0	*
temp_vcf4_Anhui_ferret27_day1.vcf	NA	304	GTA	453	TAT	0	0	114.166666666667	35.8333333333333	0	0	*	0	0	*
temp_vcf4_Anhui_ferret27_day1.vcf	NA	307	AGA	456	CGC	0	0	114.166666666667	35.8333333333333	0	0	*	0	0	*
temp_vcf4_Anhui_ferret27_day1.vcf	NA	310	ATT	459	GCC	0	0	114	36	0	0	*	0	0	*
temp_vcf4_Anhui_ferret27_day1.vcf	NA	313	GGA	462	CTG	0	0	113.333333333333	36.6666666666667	0	0	*	0	0	*
temp_vcf4_Anhui_ferret27_day1.vcf	NA	316	GAG	465	ATA	0	0	113.666666666667	36.3333333333333	0	0	*	0	0	*
temp_vcf4_Anhui_ferret27_day1.vcf	NA	319	AGC	468	AGC	0	0	113.666666666667	36.3333333333333	0	0	*	0	0	*
temp_vcf4_Anhui_ferret27_day1.vcf	NA	322	TCG	471	TGG	0	0	114	36	0	0	*	0	0	*
temp_vcf4_Anhui_ferret27_day1.vcf	NA	325	GAT	474	CCA	0	0	114	36	0	0	*	0	0	*
temp_vcf4_Anhui_ferret27_day1.vcf	NA	328	GTT	477	CTA	0	0	113	37	0	0	*	0	0	*
temp_vcf4_Anhui_ferret27_day1.vcf	NA	331	TTA	480	TCA	0	0	113	37	0	0	*	0	0	*
temp_vcf4_Anhui_ferret27_day1.vcf	NA	334	GTC	483	TCA	0	0	112.666666666667	37.3333333333333	0	0	*	0	0	*
temp_vcf4_Anhui_ferret27_day1.vcf	NA	337	ACA	486	CCG	0	0	112.666666666667	37.3333333333333	0	0	*	0	0	*
temp_vcf4_Anhui_ferret27_day1.vcf	NA	340	AGA	489	CCC	0	0	112.666666666667	37.3333333333333	0	0	*	0	0	*
temp_vcf4_Anhui_ferret27_day1.vcf	NA	343	GAA	492	ACA	0	0	112.5	37.5	0	0	*	0	0	*
temp_vcf4_Anhui_ferret27_day1.vcf	NA	346	CCC	495	GTG	0	0	111.833333333333	38.1666666666667	0	0	*	0	0	*
temp_vcf4_Anhui_ferret27_day1.vcf	NA	349	TAT	498	TAC	0	0	111.833333333333	38.1666666666667	0	0	*	0	0	*
temp_vcf4_Anhui_ferret27_day1.vcf	NA	352	GTT	501	AAC	0	0	112.5	37.5	0	0	*	0	0	*
temp_vcf4_Anhui_ferret27_day1.vcf	NA	355	TCA	504	AGC	0	0	113.166666666667	36.8333333333333	0	0	*	0	0	*
temp_vcf4_Anhui_ferret27_day1.vcf	NA	358	TGC	507	AGG	0	0	113.5	36.5	0	0	*	0	0	*
temp_vcf4_Anhui_ferret27_day1.vcf	NA	361	GAC	510	GTG	0	0	113	37	0	0	*	0	0	*
temp_vcf4_Anhui_ferret27_day1.vcf	NA	364	CCA	513	GAA	0	0	113	37	0	0	*	0	0	*
temp_vcf4_Anhui_ferret27_day1.vcf	NA	367	GAT	516	TGC	0	0	113.5	36.5	0	0	*	0	0	*
temp_vcf4_Anhui_ferret27_day1.vcf	NA	370	GAA	519	ATT	0	0	113.166666666667	36.8333333333333	0	0	*	0	0	*
temp_vcf4_Anhui_ferret27_day1.vcf	NA	373	TGC	522	GGG	0	0	112.5	37.5	0	0	*	0	0	*
temp_vcf4_Anhui_ferret27_day1.vcf	NA	376	AGG	525	TGG	0	0	113	37	0	0	*	0	0	*
temp_vcf4_Anhui_ferret27_day1.vcf	NA	379	TTC	528	TCA	0	0	112.666666666667	37.3333333333333	0	0	*	0	0	*
temp_vcf4_Anhui_ferret27_day1.vcf	NA	382	TAT	531	AGT	0	0	112.666666666667	37.3333333333333	0	0	*	0	0	*
temp_vcf4_Anhui_ferret27_day1.vcf	NA	385	GCT	534	ACT	0	0	112.666666666667	37.3333333333333	0	0	*	0	0	*
temp_vcf4_Anhui_ferret27_day1.vcf	NA	388	CTC	537	AGT	0	0	113.333333333333	36.6666666666667	0	0	*	0	0	*
temp_vcf4_Anhui_ferret27_day1.vcf	NA	391	AGC	540	TGC	0	0	113.833333333333	36.1666666666667	0	0	*	0	0	*
temp_vcf4_Anhui_ferret27_day1.vcf	NA	394	CAA	543	CAT	0	0	113.833333333333	36.1666666666667	0	0	*	0	0	*
temp_vcf4_Anhui_ferret27_day1.vcf	NA	397	GGA	546	GAT	0	0	113.833333333333	36.1666666666667	0	0	*	0	0	*
temp_vcf4_Anhui_ferret27_day1.vcf	NA	400	ACA	549	GGC	0	0	113.833333333333	36.1666666666667	0	0	*	0	0	*
temp_vcf4_Anhui_ferret27_day1.vcf	NA	403	ACA	552	AAA	0	0	114.5	35.5	0	0	*	0	0	*
temp_vcf4_Anhui_ferret27_day1.vcf	NA	406	ATC	555	TCC	0	0	114.5	35.5	0	0	*	0	0	*
temp_vcf4_Anhui_ferret27_day1.vcf	NA	409	AGA	558	AGG	0	0	114.5	35.5	0	0	*	0	0	*
temp_vcf4_Anhui_ferret27_day1.vcf	NA	412	GGG	561	ATG	0	0	115.333333333333	34.6666666666667	0	0	*	0	0	*
temp_vcf4_Anhui_ferret27_day1.vcf	NA	415	AAA	564	TCA	0	0	115.333333333333	34.6666666666667	0	0	*	0	0	*
temp_vcf4_Anhui_ferret27_day1.vcf	NA	418	CAC	567	ATA	0	0	115	35	0	0	*	0	0	*
temp_vcf4_Anhui_ferret27_day1.vcf	NA	421	TCA	570	TGT	0	0	114.833333333333	35.1666666666667	0	0	*	0	0	*
temp_vcf4_Anhui_ferret27_day1.vcf	NA	424	AAC	573	ATA	0	0	115.166666666667	34.8333333333333	0	0	*	0	0	*
temp_vcf4_Anhui_ferret27_day1.vcf	NA	427	GGA	576	TCA	0	0	114.5	35.5	0	0	*	0	0	*
temp_vcf4_Anhui_ferret27_day1.vcf	NA	430	ACA	579	GGA	0	0	114.5	35.5	0	0	*	0	0	*
temp_vcf4_Anhui_ferret27_day1.vcf	NA	433	ATA	582	CCA	0	0	114.5	35.5	0	0	*	0	0	*
temp_vcf4_Anhui_ferret27_day1.vcf	NA	436	CAC	585	AAC	0	0	114.833333333333	35.1666666666667	0	0	*	0	0	*
temp_vcf4_Anhui_ferret27_day1.vcf	NA	439	GAT	588	AAC	0	0	114.833333333333	35.1666666666667	0	0	*	0	0	*
temp_vcf4_Anhui_ferret27_day1.vcf	NA	442	AGG	591	AAT	0	0	114.833333333333	35.1666666666667	0	0	*	0	0	*
temp_vcf4_Anhui_ferret27_day1.vcf	NA	445	TCC	594	GCA	0	0	114.5	35.5	0	0	*	0	0	*
temp_vcf4_Anhui_ferret27_day1.vcf	NA	448	CAG	597	TCT	0	0	114.5	35.5	0	0	*	0	0	*
temp_vcf4_Anhui_ferret27_day1.vcf	NA	451	TAT	600	GCA	0	0	113.833333333333	36.1666666666667	0	0	*	0	0	*
temp_vcf4_Anhui_ferret27_day1.vcf	NA	454	CGC	603	GTA	0	0	113.833333333333	36.1666666666667	0	0	*	0	0	*
temp_vcf4_Anhui_ferret27_day1.vcf	NA	457	GCC	606	GTA	0	0	113.833333333333	36.1666666666667	0	0	*	0	0	*
temp_vcf4_Anhui_ferret27_day1.vcf	NA	460	CTG	609	TGG	0	0	114.833333333333	35.1666666666667	0	0	*	0	0	*
temp_vcf4_Anhui_ferret27_day1.vcf	NA	463	ATA	612	TAC	0	0	115.166666666667	34.8333333333333	0	0	*	0	0	*
temp_vcf4_Anhui_ferret27_day1.vcf	NA	466	AGC	615	AAC	0	0	115.5	34.5	0	0	*	0	0	*
temp_vcf4_Anhui_ferret27_day1.vcf	NA	469	TGG	618	AGA	0	0	115	35	0	0	*	0	0	*
temp_vcf4_Anhui_ferret27_day1.vcf	NA	472	CCA	621	AGG	0	0	114.333333333333	35.6666666666667	0	0	*	0	0	*
temp_vcf4_Anhui_ferret27_day1.vcf	NA	475	CTA	624	CCT	0	0	114.333333333333	35.6666666666667	0	0	*	0	0	*
temp_vcf4_Anhui_ferret27_day1.vcf	NA	478	TCA	627	GTT	0	0	114.666666666667	35.3333333333333	0	0	*	0	0	*
temp_vcf4_Anhui_ferret27_day1.vcf	NA	481	TCA	630	GCA	0	0	114.666666666667	35.3333333333333	0	0	*	0	0	*
temp_vcf4_Anhui_ferret27_day1.vcf	NA	484	CCG	633	GAA	0	0	115.333333333333	34.6666666666667	0	0	*	0	0	*
temp_vcf4_Anhui_ferret27_day1.vcf	NA	487	CCC	636	ATT	0	0	115.666666666667	34.3333333333333	0	0	*	0	0	*
temp_vcf4_Anhui_ferret27_day1.vcf	NA	490	ACA	639	AAC	0	0	116.333333333333	33.6666666666667	0	0	*	0	0	*
temp_vcf4_Anhui_ferret27_day1.vcf	NA	493	GTG	642	ACA	0	0	116.333333333333	33.6666666666667	0	0	*	0	0	*
temp_vcf4_Anhui_ferret27_day1.vcf	NA	496	TAC	645	TGG	0	0	117.333333333333	32.6666666666667	0	0	*	0	0	*
temp_vcf4_Anhui_ferret27_day1.vcf	NA	499	AAC	648	GCC	0	0	117.333333333333	32.6666666666667	0	0	*	0	0	*
temp_vcf4_Anhui_ferret27_day1.vcf	NA	502	AGC	651	CGA	0	0	116.166666666667	33.8333333333333	0	0	*	0	0	*
temp_vcf4_Anhui_ferret27_day1.vcf	NA	505	AGG	654	AAC	0	0	116.166666666667	33.8333333333333	0	0	*	0	0	*
temp_vcf4_Anhui_ferret27_day1.vcf	NA	508	GTG	657	ATA	0	0	116.166666666667	33.8333333333333	0	0	*	0	0	*
temp_vcf4_Anhui_ferret27_day1.vcf	NA	511	GAA	660	CTA	0	0	115.833333333333	34.1666666666667	0	0	*	0	0	*
temp_vcf4_Anhui_ferret27_day1.vcf	NA	514	TGC	663	AGA	0	0	115.333333333333	34.6666666666667	0	0	*	0	0	*
temp_vcf4_Anhui_ferret27_day1.vcf	NA	517	ATT	666	ACA	0	0	114.833333333333	35.1666666666667	0	0	*	0	0	*
temp_vcf4_Anhui_ferret27_day1.vcf	NA	520	GGG	669	CAG	0	0	115.166666666667	34.8333333333333	0	0	*	0	0	*
temp_vcf4_Anhui_ferret27_day1.vcf	NA	523	TGG	672	GAA	0	0	115.833333333333	34.1666666666667	0	0	*	0	0	*
temp_vcf4_Anhui_ferret27_day1.vcf	NA	526	TCA	675	TCT	0	0	114.833333333333	35.1666666666667	0	0	*	0	0	*
temp_vcf4_Anhui_ferret27_day1.vcf	NA	529	AGT	678	GAA	0	0	115.5	34.5	0	0	*	0	0	*
temp_vcf4_Anhui_ferret27_day1.vcf	NA	532	ACT	681	TGT	0	0	115.333333333333	34.6666666666667	0	0	*	0	0	*
temp_vcf4_Anhui_ferret27_day1.vcf	NA	535	AGT	684	GTA	0	0	115.333333333333	34.6666666666667	0	0	*	0	0	*
temp_vcf4_Anhui_ferret27_day1.vcf	NA	538	TGC	687	TGC	0	0	115.166666666667	34.8333333333333	0	0	*	0	0	*
temp_vcf4_Anhui_ferret27_day1.vcf	NA	541	CAT	690	CAC	0	0	115.333333333333	34.6666666666667	0	0	*	0	0	*
temp_vcf4_Anhui_ferret27_day1.vcf	NA	544	GAT	693	AAC	0	0	115.333333333333	34.6666666666667	0	0	*	0	0	*
temp_vcf4_Anhui_ferret27_day1.vcf	NA	547	GGC	696	GGC	0	0	114.666666666667	35.3333333333333	0	0	*	0	0	*
temp_vcf4_Anhui_ferret27_day1.vcf	NA	550	AAA	699	GTA	0	0	114.666666666667	35.3333333333333	0	0	*	0	0	*
temp_vcf4_Anhui_ferret27_day1.vcf	NA	553	TCC	702	TGC	0	0	114.5	35.5	0	0	*	0	0	*
temp_vcf4_Anhui_ferret27_day1.vcf	NA	556	AGG	705	CCA	0	0	114.5	35.5	0	0	*	0	0	*
temp_vcf4_Anhui_ferret27_day1.vcf	NA	559	ATG	708	GTA	0	0	114.166666666667	35.8333333333333	0	0	*	0	0	*
temp_vcf4_Anhui_ferret27_day1.vcf	NA	562	TCA	711	GTG	0	0	113.166666666667	36.8333333333333	0	0	*	0	0	*
temp_vcf4_Anhui_ferret27_day1.vcf	NA	565	ATA	714	TTC	0	0	113.833333333333	36.1666666666667	0	0	*	0	0	*
temp_vcf4_Anhui_ferret27_day1.vcf	NA	568	TGT	717	ACC	0	0	113.5	36.5	0	0	*	0	0	*
temp_vcf4_Anhui_ferret27_day1.vcf	NA	571	ATA	720	GAT	0	0	113.666666666667	36.3333333333333	0	0	*	0	0	*
temp_vcf4_Anhui_ferret27_day1.vcf	NA	574	TCA	723	GGG	0	0	113.333333333333	36.6666666666667	0	0	*	0	0	*
temp_vcf4_Anhui_ferret27_day1.vcf	NA	577	GGA	726	TCT	0	0	113.333333333333	36.6666666666667	0	0	*	0	0	*
temp_vcf4_Anhui_ferret27_day1.vcf	NA	580	CCA	729	GCC	0	0	113.333333333333	36.6666666666667	0	0	*	0	0	*
temp_vcf4_Anhui_ferret27_day1.vcf	NA	583	AAC	732	ACT	0	0	113.333333333333	36.6666666666667	0	0	*	0	0	*
temp_vcf4_Anhui_ferret27_day1.vcf	NA	586	AAC	735	GGA	0	0	112.666666666667	37.3333333333333	0	0	*	0	0	*
temp_vcf4_Anhui_ferret27_day1.vcf	NA	589	AAT	738	CCT	0	0	112	38	0	0	*	0	0	*
temp_vcf4_Anhui_ferret27_day1.vcf	NA	592	GCA	741	GCA	0	0	111.333333333333	38.6666666666667	0	0	*	0	0	*
temp_vcf4_Anhui_ferret27_day1.vcf	NA	595	TCT	744	GAC	0	0	112	38	0	0	*	0	0	*
temp_vcf4_Anhui_ferret27_day1.vcf	NA	598	GCA	747	ACA	0	0	112	38	0	0	*	0	0	*
temp_vcf4_Anhui_ferret27_day1.vcf	NA	601	GTA	750	AGA	0	0	112.166666666667	37.8333333333333	0	0	*	0	0	*
temp_vcf4_Anhui_ferret27_day1.vcf	NA	604	GTA	753	ATA	0	0	112.5	37.5	0	0	*	0	0	*
temp_vcf4_Anhui_ferret27_day1.vcf	NA	607	TGG	756	TAC	0	0	112.5	37.5	0	0	*	0	0	*
temp_vcf4_Anhui_ferret27_day1.vcf	NA	610	TAC	759	TAT	0	0	111.5	38.5	0	0	*	0	0	*
temp_vcf4_Anhui_ferret27_day1.vcf	NA	613	AAC	762	TTT	0	0	112.166666666667	37.8333333333333	0	0	*	0	0	*
temp_vcf4_Anhui_ferret27_day1.vcf	NA	616	AGA	765	AAA	0	0	112.166666666667	37.8333333333333	0	0	*	0	0	*
temp_vcf4_Anhui_ferret27_day1.vcf	NA	619	AGG	768	GAG	0	0	112.666666666667	37.3333333333333	0	0	*	0	0	*
temp_vcf4_Anhui_ferret27_day1.vcf	NA	622	CCT	771	GGG	0	0	112.333333333333	37.6666666666667	0	0	*	0	0	*
temp_vcf4_Anhui_ferret27_day1.vcf	NA	625	GTT	774	AAA	0	0	113	37	0	0	*	0	0	*
temp_vcf4_Anhui_ferret27_day1.vcf	NA	628	GCA	777	ATA	0	0	113.333333333333	36.6666666666667	0	0	*	0	0	*
temp_vcf4_Anhui_ferret27_day1.vcf	NA	631	GAA	780	TTG	0	0	113.666666666667	36.3333333333333	0	0	*	0	0	*
temp_vcf4_Anhui_ferret27_day1.vcf	NA	634	ATT	783	AAA	0	0	113.666666666667	36.3333333333333	0	0	*	0	0	*
temp_vcf4_Anhui_ferret27_day1.vcf	NA	637	AAC	786	TGG	0	0	114.333333333333	35.6666666666667	0	0	*	0	0	*
temp_vcf4_Anhui_ferret27_day1.vcf	NA	640	ACA	789	GAG	0	0	114.333333333333	35.6666666666667	0	0	*	0	0	*
temp_vcf4_Anhui_ferret27_day1.vcf	NA	643	TGG	792	TCT	0	0	114.333333333333	35.6666666666667	0	0	*	0	0	*
temp_vcf4_Anhui_ferret27_day1.vcf	NA	646	GCC	795	CTG	0	0	113	37	0	0	*	0	0	*
temp_vcf4_Anhui_ferret27_day1.vcf	NA	649	CGA	798	ACT	0	0	113	37	0	0	*	0	0	*
temp_vcf4_Anhui_ferret27_day1.vcf	NA	652	AAC	801	GGA	0	0	113.5	36.5	0	0	*	0	0	*
temp_vcf4_Anhui_ferret27_day1.vcf	NA	655	ATA	804	ACT	0	0	112.833333333333	37.1666666666666	0	0	*	0	0	*
temp_vcf4_Anhui_ferret27_day1.vcf	NA	658	CTA	807	GCT	0	0	112.5	37.5	0	0	*	0	0	*
temp_vcf4_Anhui_ferret27_day1.vcf	NA	661	AGA	810	AAG	0	0	113.5	36.5	0	0	*	0	0	*
temp_vcf4_Anhui_ferret27_day1.vcf	NA	664	ACA	813	CAT	0	0	114	36	0	0	*	0	0	*
temp_vcf4_Anhui_ferret27_day1.vcf	NA	667	CAG	816	ATT	0	0	114.333333333333	35.6666666666667	0	0	*	0	0	*
temp_vcf4_Anhui_ferret27_day1.vcf	NA	670	GAA	819	GAA	0	0	114.333333333333	35.6666666666667	0	0	*	0	0	*
temp_vcf4_Anhui_ferret27_day1.vcf	NA	673	TCT	822	GAA	0	0	114.333333333333	35.6666666666667	0	0	*	0	0	*
temp_vcf4_Anhui_ferret27_day1.vcf	NA	676	GAA	825	TGC	0	0.173914239371858	114.833333333333	35.1666666666667	0	0.00494542860773056	0	0	0.00273573123388861	0
temp_vcf4_Anhui_ferret27_day1.vcf	NA	679	TGT	828	TCA	0	0.173914239371858	114.166666666667	35.8333333333333	0	0.00485342063363325	0	0	0.00268483390860697	0
temp_vcf4_Anhui_ferret27_day1.vcf	NA	682	GTA	831	TGT	0	0.173914239371858	114.166666666667	35.8333333333333	0	0.00485342063363325	0	0	0.00268483390860697	0
temp_vcf4_Anhui_ferret27_day1.vcf	NA	685	TGC	834	TAC	0	0.173914239371858	114.166666666667	35.8333333333333	0	0.00485342063363325	0	0	0.00268483390860697	0
temp_vcf4_Anhui_ferret27_day1.vcf	NA	688	CAC	837	GGG	0	0.173914239371858	113.666666666667	36.3333333333333	0	0.00478663044142729	0	0	0.00264788665298393	0
temp_vcf4_Anhui_ferret27_day1.vcf	NA	691	AAC	840	GAA	0	0.173914239371858	113.666666666667	36.3333333333333	0	0.00478663044142729	0	0	0.00264788665298393	0
temp_vcf4_Anhui_ferret27_day1.vcf	NA	694	GGC	843	CGA	0	0.173914239371858	112.5	37.5	0	0.00463771304991621	0	0	0.00256550795711332	0
temp_vcf4_Anhui_ferret27_day1.vcf	NA	697	GTA	846	ACA	0	0.173914239371858	112.5	37.5	0	0.00463771304991621	0	0	0.00256550795711332	0
temp_vcf4_Anhui_ferret27_day1.vcf	NA	700	TGC	849	GGA	0	0.173914239371858	112.5	37.5	0	0.00463771304991621	0	0	0.00256550795711332	0
temp_vcf4_Anhui_ferret27_day1.vcf	NA	703	CCA	852	ATT	0	0.173914239371858	112.333333333333	37.6666666666667	0	0.00461719219571304	0	0	0.00255415615199335	0
temp_vcf4_Anhui_ferret27_day1.vcf	NA	706	GTA	855	ACC	0	0.173914239371858	112.333333333333	37.6666666666667	0	0.00461719219571304	0	0	0.00255415615199335	0
temp_vcf4_Anhui_ferret27_day1.vcf	NA	709	GTG	858	TGC	0	0.173914239371858	112.833333333333	37.1666666666667	0	0.00467930688892892	0	0	0.00258851699708743	0
temp_vcf4_Anhui_ferret27_day1.vcf	NA	712	TTC	861	ACA	0	0.173914239371858	112.833333333333	37.1666666666667	0	0.00467930688892892	0	0	0.00258851699708743	0
temp_vcf4_Anhui_ferret27_day1.vcf	NA	715	ACC	864	TGC	0	0.173914239371858	112.666666666667	37.3333333333333	0	0.00465841712603191	0	0	0.00257696111763615	0
temp_vcf4_Anhui_ferret27_day1.vcf	NA	718	GAT	867	AGG	0	0.173914239371858	113	37	0	0.00470038484788806	0	0	0.0026001769835608	0
temp_vcf4_Anhui_ferret27_day1.vcf	NA	721	GGG	870	GAC	0	0.173914239371858	113	37	0	0.00470038484788806	0	0	0.0026001769835608	0
temp_vcf4_Anhui_ferret27_day1.vcf	NA	724	TCT	873	AAT	0	0.173914239371858	113.666666666667	36.3333333333333	0	0.00478663044142729	0	0	0.00264788665298393	0
temp_vcf4_Anhui_ferret27_day1.vcf	NA	727	GCC	876	TGG	0	0.173914239371858	114.666666666667	35.3333333333333	0	0.00492210111429787	0	0	0.00272282684127593	0
temp_vcf4_Anhui_ferret27_day1.vcf	NA	730	ACT	879	CAG	0	0.173914239371858	115.333333333333	34.6666666666667	0	0.00501675690495744	0	0	0.00277518889591585	0
temp_vcf4_Anhui_ferret27_day1.vcf	NA	733	GGA	882	GGC	0	0.173914239371858	115.333333333333	34.6666666666667	0	0.00501675690495744	0	0	0.00277518889591585	0
temp_vcf4_Anhui_ferret27_day1.vcf	NA	736	CCT	885	TCA	0	0.173914239371858	115.333333333333	34.6666666666667	0	0.00501675690495744	0	0	0.00277518889591585	0
temp_vcf4_Anhui_ferret27_day1.vcf	NA	739	GCA	888	AAT	0	0.173914239371858	116	34	0	0.00511512468740759	0	0	0.00282960436446322	0
temp_vcf4_Anhui_ferret27_day1.vcf	NA	742	GAC	891	AGA	0	0.173914239371858	116.166666666667	33.8333333333333	0	0.00514032234596625	0	0	0.0028435433022192	0
temp_vcf4_Anhui_ferret27_day1.vcf	NA	745	ACA	894	CCA	0	0.173914239371858	115.5	34.5	0	0.0050409924455611	0	0	0.00278859560555796	0
temp_vcf4_Anhui_ferret27_day1.vcf	NA	748	AGA	897	GTG	0	0.173914239371858	115.5	34.5	0	0.0050409924455611	0	0	0.00278859560555796	0
temp_vcf4_Anhui_ferret27_day1.vcf	NA	751	ATA	900	ATT	0.0502862871121898	0.173914239371858	115.658064209501	34.3419357904993	0.000434784097900015	0.00506419441329139	0.0858545431745055	0.000223135080759078	0.00280143055937939	0.0796504057585884
temp_vcf4_Anhui_ferret27_day1.vcf	NA	754	TAC	903	CAG	0.0502862871121898	0.173914239371858	115.991397542834	34.0086024571659	0.000433534625648594	0.00511383081944941	0.0847768807680797	0.000222493840444463	0.00282888861760557	0.0786506188542644
temp_vcf4_Anhui_ferret27_day1.vcf	NA	757	TAT	906	ATA	0.0502862871121898	0.173914239371858	116.324730876167	33.6752691238326	0.000432292314226127	0.00516444987365448	0.0837053945341572	0.000221856275131198	0.00285689026086097	0.0776565618114915
temp_vcf4_Anhui_ferret27_day1.vcf	NA	760	TTT	909	GAC	0.0502862871121898	0.173914239371858	116.991397542834	33.0086024571659	0.000429828929035389	0.00526875500401873	0.081580739417099	0.00022059204385841	0.00291459017438237	0.075685441403492
temp_vcf4_Anhui_ferret27_day1.vcf	NA	763	AAA	912	CCA	0.0502862871121898	0.173914239371858	116.324730876167	33.6752691238326	0.000432292314226127	0.00516444987365448	0.0837053945341572	0.000221856275131198	0.00285689026086097	0.0776565618114915
temp_vcf4_Anhui_ferret27_day1.vcf	NA	766	GAG	915	GTA	0.0502862871121898	0.173914239371858	115.658064209501	34.3419357904993	0.000434784097900015	0.00506419441329139	0.0858545431745055	0.000223135080759078	0.00280143055937939	0.0796504057585884
temp_vcf4_Anhui_ferret27_day1.vcf	NA	769	GGG	918	GCA	0.0502862871121898	0.173914239371858	114.991397542834	35.0086024571659	0.000437304773980664	0.00496775727007804	0.0880286113443289	0.000224428714228057	0.00274808308927673	0.0816673684663313
temp_vcf4_Anhui_ferret27_day1.vcf	NA	772	AAA	921	ATG	0.0502862871121898	0.173914239371858	115.991397542834	34.0086024571659	0.000433534625648594	0.00511383081944941	0.0847768807680797	0.000222493840444463	0.00282888861760557	0.0786506188542644
temp_vcf4_Anhui_ferret27_day1.vcf	NA	775	ATA	924	ACA	0.0502862871121898	0.173914239371858	115.324730876167	34.6752691238326	0.000436040793073134	0.00501551231659584	0.0869384353080576	0.000223780027941594	0.00277450040973513	0.0806559722090498
temp_vcf4_Anhui_ferret27_day1.vcf	NA	778	TTG	927	CAC	0.0502862871121898	0.173914239371858	115.658064209501	34.3419357904993	0.000434784097900015	0.00506419441329139	0.0858545431745055	0.000223135080759078	0.00280143055937939	0.0796504057585885
temp_vcf4_Anhui_ferret27_day1.vcf	NA	781	AAA	930	ACT	0.0502862871121898	0.173914239371858	115.324730876167	34.6752691238326	0.000436040793073134	0.00501551231659584	0.0869384353080576	0.000223780027941594	0.00277450040973513	0.0806559722090498
temp_vcf4_Anhui_ferret27_day1.vcf	NA	784	TGG	933	AGT	0.0502862871121898	0.173914239371858	115.324730876167	34.6752691238326	0.000436040793073134	0.00501551231659584	0.0869384353080576	0.000223780027941594	0.00277450040973513	0.0806559722090498
temp_vcf4_Anhui_ferret27_day1.vcf	NA	787	GAG	936	CAA	0.0502862871121898	0.173914239371858	114.991397542834	35.0086024571659	0.000437304773980664	0.00496775727007804	0.088028611344329	0.000224428714228057	0.00274808308927673	0.0816673684663313
temp_vcf4_Anhui_ferret27_day1.vcf	NA	790	TCT	939	TAT	0.0502862871121898	0.173914239371858	114.324730876167	35.6752691238326	0.000439854847912637	0.00487492438440151	0.0902280349865647	0.000225737434936796	0.00269672943623233	0.0837078543749573
temp_vcf4_Anhui_ferret27_day1.vcf	NA	793	CTG	942	ATA	0.0502862871121898	0.173914239371858	114.658064209501	35.3419357904993	0.000438576104165755	0.00492090304285512	0.0891251260889083	0.000225081172229377	0.00272216408750344	0.0826846453755858
temp_vcf4_Anhui_ferret27_day1.vcf	NA	796	ACT	945	TGC	0.0502862871121898	0.173914239371858	115.491397542834	34.5086024571659	0.000435411538712564	0.00503973580465133	0.0863957071540752	0.000223457088985818	0.00278790045210225	0.080152463412859
temp_vcf4_Anhui_ferret27_day1.vcf	NA	799	GGA	948	AGT	0.0502862871121898	0.173914239371858	116.158064209501	33.8419357904993	0.000432912578686696	0.00513901570077095	0.0842403689527065	0.000222174600390033	0.00284282048720034	0.078152877183193
temp_vcf4_Anhui_ferret27_day1.vcf	NA	802	ACT	951	CCT	0.0502862871121898	0.173914239371858	116.158064209501	33.8419357904993	0.000432912578686696	0.00513901570077095	0.0842403689527065	0.000222174600390033	0.00284282048720034	0.078152877183193
temp_vcf4_Anhui_ferret27_day1.vcf	NA	805	GCT	954	GTT	0.0502862871121898	0.173914239371858	116.158064209501	33.8419357904993	0.000432912578686696	0.00513901570077095	0.0842403689527065	0.000222174600390033	0.00284282048720034	0.078152877183193
temp_vcf4_Anhui_ferret27_day1.vcf	NA	808	AAG	957	CTT	0.0502862871121898	0.173914239371858	116.158064209501	33.8419357904993	0.000432912578686696	0.00513901570077095	0.0842403689527065	0.000222174600390033	0.00284282048720034	0.078152877183193
temp_vcf4_Anhui_ferret27_day1.vcf	NA	811	CAT	960	ACA	0.0502862871121898	0.173914239371858	115.491397542834	34.5086024571659	0.000435411538712564	0.00503973580465133	0.0863957071540752	0.000223457088985818	0.00278790045210225	0.080152463412859
temp_vcf4_Anhui_ferret27_day1.vcf	NA	814	ATT	963	GAC	0.0502862871121898	0.173914239371858	115.491397542834	34.5086024571659	0.000435411538712564	0.00503973580465133	0.0863957071540752	0.000223457088985818	0.00278790045210225	0.080152463412859
temp_vcf4_Anhui_ferret27_day1.vcf	NA	817	GAA	966	AAT	0.0502862871121898	0.173914239371858	115.824730876167	34.1752691238326	0.000434158462806641	0.00508889158243896	0.085314936617015	0.00022281399924354	0.00281509263447639	0.079149792981851
temp_vcf4_Anhui_ferret27_day1.vcf	NA	820	GAA	969	CCC	0.0502862871121898	0.173914239371858	115.158064209501	34.8419357904993	0.000436671868855894	0.00499152057502158	0.0874827344278765	0.0002241039016675	0.00276122856577858	0.0811609384478136
temp_vcf4_Anhui_ferret27_day1.vcf	NA	823	TGC	972	CGA	0.0502862871121898	0.173914239371858	113.991397542834	36.0086024571659	0.000441141070257463	0.0048297969791729	0.0913373941305931	0.000226397535727449	0.00267176568449698	0.0847370475042512
temp_vcf4_Anhui_ferret27_day1.vcf	NA	826	TCA	975	CCG	0.0502862871121898	0	113.491397542834	36.5086024571659	0.000443084570292745	0	*	0.000227394957296965	0	*
temp_vcf4_Anhui_ferret27_day1.vcf	NA	829	TGT	978	AAT	0.0502862871121898	0	114.158064209501	35.8419357904993	0.000440497020165876	0	*	0.00022606700347042	0	*
temp_vcf4_Anhui_ferret27_day1.vcf	NA	832	TAC	981	GAC	0.0502862871121898	0	114.324730876167	35.6752691238326	0.000439854847912637	0	*	0.000225737434936796	0	*
temp_vcf4_Anhui_ferret27_day1.vcf	NA	835	GGG	984	CCA	0.0502862871121898	0	114.324730876167	35.6752691238326	0.000439854847912637	0	*	0.000225737434936796	0	*
temp_vcf4_Anhui_ferret27_day1.vcf	NA	838	GAA	987	AAT	0.0502862871121898	0	114.991397542834	35.0086024571659	0.000437304773980664	0	*	0.000224428714228057	0	*
temp_vcf4_Anhui_ferret27_day1.vcf	NA	841	CGA	990	ATA	0.0502862871121898	0	114.658064209501	35.3419357904993	0.000438576104165755	0	*	0.000225081172229377	0	*
temp_vcf4_Anhui_ferret27_day1.vcf	NA	844	ACA	993	GGT	0.0502862871121898	0	115.158064209501	34.8419357904993	0.000436671868855894	0	*	0.0002241039016675	0	*
temp_vcf4_Anhui_ferret27_day1.vcf	NA	847	GGA	996	AAG	0.0502862871121898	0	115.824730876167	34.1752691238326	0.000434158462806641	0	*	0.00022281399924354	0	*
temp_vcf4_Anhui_ferret27_day1.vcf	NA	850	ATT	999	TGT	0.0502862871121898	0	116.324730876167	33.6752691238326	0.000432292314226127	0	*	0.000221856275131198	0	*
temp_vcf4_Anhui_ferret27_day1.vcf	NA	853	ACC	1002	AAT	0.0502862871121898	0	116.658064209501	33.3419357904993	0.000431057102249554	0	*	0.00022122235331695	0	*
temp_vcf4_Anhui_ferret27_day1.vcf	NA	856	TGC	1005	GAC	0.0502862871121898	0	117.324730876167	32.6752691238326	0.00042860773458978	0	*	0.0002199653159662	0	*
temp_vcf4_Anhui_ferret27_day1.vcf	NA	859	ACA	1008	CCT	0.0502862871121898	0	116.824730876167	33.1752691238326	0.000430442139562834	0	*	0.000220906748975789	0	*
temp_vcf4_Anhui_ferret27_day1.vcf	NA	862	TGC	1011	TAT	0.0502862871121898	0	116.824730876167	33.1752691238326	0.000430442139562834	0	*	0.000220906748975789	0	*
temp_vcf4_Anhui_ferret27_day1.vcf	NA	865	AGG	1014	CCA	0.0502862871121898	0	116.324730876167	33.6752691238326	0.000432292314226127	0	*	0.000221856275131198	0	*
temp_vcf4_Anhui_ferret27_day1.vcf	NA	868	GAC	1017	GGT	0.0502862871121898	0	115.991397542834	34.0086024571659	0.000433534625648594	0	*	0.000222493840444463	0	*
temp_vcf4_Anhui_ferret27_day1.vcf	NA	871	AAT	1020	AAT	0.0502862871121898	0	115.991397542834	34.0086024571659	0.000433534625648594	0	*	0.000222493840444463	0	*
temp_vcf4_Anhui_ferret27_day1.vcf	NA	874	TGG	1023	AAT	0.0502862871121898	0	115.991397542834	34.0086024571659	0.000433534625648594	0	*	0.000222493840444463	0	*
temp_vcf4_Anhui_ferret27_day1.vcf	NA	877	CAG	1026	AAC	0.0502862871121898	0	115.658064209501	34.3419357904993	0.000434784097900015	0	*	0.000223135080759078	0	*
temp_vcf4_Anhui_ferret27_day1.vcf	NA	880	GGC	1029	AAT	0.0502862871121898	0	115.658064209501	34.3419357904993	0.000434784097900015	0	*	0.000223135080759078	0	*
temp_vcf4_Anhui_ferret27_day1.vcf	NA	883	TCA	1032	GGA	0.0502862871121898	0	115.658064209501	34.3419357904993	0.000434784097900015	0	*	0.000223135080759078	0	*
temp_vcf4_Anhui_ferret27_day1.vcf	NA	886	AAT	1035	GTC	0.0502862871121898	0	115.658064209501	34.3419357904993	0.000434784097900015	0	*	0.000223135080759078	0	*
temp_vcf4_Anhui_ferret27_day1.vcf	NA	889	AGA	1038	AAG	0.0502862871121898	0	115.658064209501	34.3419357904993	0.000434784097900015	0	*	0.000223135080759078	0	*
temp_vcf4_Anhui_ferret27_day1.vcf	NA	892	CCA	1041	GGA	0.0502862871121898	0	115.491397542834	34.5086024571659	0.000435411538712564	0	*	0.000223457088985818	0	*
temp_vcf4_Anhui_ferret27_day1.vcf	NA	895	GTG	1044	TTC	0.0502862871121898	0	116.158064209501	33.8419357904993	0.000432912578686696	0	*	0.000222174600390033	0	*
temp_vcf4_Anhui_ferret27_day1.vcf	NA	898	ATT	1047	TCA	0.0502862871121898	0	116.158064209501	33.8419357904993	0.000432912578686696	0	*	0.000222174600390033	0	*
temp_vcf4_Anhui_ferret27_day1.vcf	NA	901	CAG	1050	TAC	0	0	115.833333333333	34.1666666666667	0	0	*	0	0	*
temp_vcf4_Anhui_ferret27_day1.vcf	NA	904	ATA	1053	CTG	0	0	114.833333333333	35.1666666666666	0	0	*	0	0	*
temp_vcf4_Anhui_ferret27_day1.vcf	NA	907	GAC	1056	GAT	0	0	115.166666666667	34.8333333333333	0	0	*	0	0	*
temp_vcf4_Anhui_ferret27_day1.vcf	NA	910	CCA	1059	GGG	0	0	114.5	35.5	0	0	*	0	0	*
temp_vcf4_Anhui_ferret27_day1.vcf	NA	913	GTA	1062	GCT	0	0	114.5	35.5	0	0	*	0	0	*
temp_vcf4_Anhui_ferret27_day1.vcf	NA	916	GCA	1065	AAC	0	0	115.166666666667	34.8333333333333	0	0	*	0	0	*
temp_vcf4_Anhui_ferret27_day1.vcf	NA	919	ATG	1068	ACT	0	0	115.166666666667	34.8333333333333	0	0	*	0	0	*
temp_vcf4_Anhui_ferret27_day1.vcf	NA	922	ACA	1071	TGG	0	0	115.166666666667	34.8333333333333	0	0	*	0	0	*
temp_vcf4_Anhui_ferret27_day1.vcf	NA	925	CAC	1074	CTA	0	0	114.833333333333	35.1666666666666	0	0	*	0	0	*
temp_vcf4_Anhui_ferret27_day1.vcf	NA	928	ACT	1077	GGG	0	0	114.166666666667	35.8333333333333	0	0	*	0	0	*
temp_vcf4_Anhui_ferret27_day1.vcf	NA	931	AGT	1080	AGG	0	0	114.5	35.5	0	0	*	0	0	*
temp_vcf4_Anhui_ferret27_day1.vcf	NA	934	CAA	1083	ACA	0	0	113.833333333333	36.1666666666666	0	0	*	0	0	*
temp_vcf4_Anhui_ferret27_day1.vcf	NA	937	TAT	1086	ATA	0	0	113.5	36.5	0	0	*	0	0	*
temp_vcf4_Anhui_ferret27_day1.vcf	NA	940	ATA	1089	AGC	0	0	114.166666666667	35.8333333333333	0	0	*	0	0	*
temp_vcf4_Anhui_ferret27_day1.vcf	NA	943	TGC	1092	ACA	0	0	113.833333333333	36.1666666666666	0	0	*	0	0	*
temp_vcf4_Anhui_ferret27_day1.vcf	NA	946	AGT	1095	GCC	0	0	113.333333333333	36.6666666666666	0	0	*	0	0	*
temp_vcf4_Anhui_ferret27_day1.vcf	NA	949	CCT	1098	TCG	0	0	112.666666666667	37.3333333333333	0	0	*	0	0	*
temp_vcf4_Anhui_ferret27_day1.vcf	NA	952	GTT	1101	AGG	0	0	113	37	0	0	*	0	0	*
temp_vcf4_Anhui_ferret27_day1.vcf	NA	955	CTT	1104	TCT	0	0	113	37	0	0	*	0	0	*
temp_vcf4_Anhui_ferret27_day1.vcf	NA	958	ACA	1107	GGA	0	0	113	37	0	0	*	0	0	*
temp_vcf4_Anhui_ferret27_day1.vcf	NA	961	GAC	1110	TAC	0	0	113	37	0	0	*	0	0	*
temp_vcf4_Anhui_ferret27_day1.vcf	NA	964	AAT	1113	GAG	0	0	113	37	0	0	*	0	0	*
temp_vcf4_Anhui_ferret27_day1.vcf	NA	967	CCC	1116	ATG	0	0	113.333333333333	36.6666666666666	0	0	*	0	0	*
temp_vcf4_Anhui_ferret27_day1.vcf	NA	970	CGA	1119	TTA	0	0	113.666666666667	36.3333333333333	0	0	*	0	0	*
temp_vcf4_Anhui_ferret27_day1.vcf	NA	973	CCG	1122	AAA	0	0	114.833333333333	35.1666666666667	0	0	*	0	0	*
temp_vcf4_Anhui_ferret27_day1.vcf	NA	976	AAT	1125	GTG	0	0	114.833333333333	35.1666666666667	0	0	*	0	0	*
temp_vcf4_Anhui_ferret27_day1.vcf	NA	979	GAC	1128	CCA	0	0	114.166666666667	35.8333333333333	0	0	*	0	0	*
temp_vcf4_Anhui_ferret27_day1.vcf	NA	982	CCA	1131	AAT	0	0	114.166666666667	35.8333333333333	0	0	*	0	0	*
temp_vcf4_Anhui_ferret27_day1.vcf	NA	985	AAT	1134	GCA	0	0	114.166666666667	35.8333333333333	0	0	*	0	0	*
temp_vcf4_Anhui_ferret27_day1.vcf	NA	988	ATA	1137	TTG	0	0	113.833333333333	36.1666666666667	0	0	*	0	0	*
temp_vcf4_Anhui_ferret27_day1.vcf	NA	991	GGT	1140	ACA	0	0	113.5	36.5	0	0	*	0	0	*
temp_vcf4_Anhui_ferret27_day1.vcf	NA	994	AAG	1143	GAT	0	0	114.166666666667	35.8333333333333	0	0	*	0	0	*
temp_vcf4_Anhui_ferret27_day1.vcf	NA	997	TGT	1146	GAT	0	0	114.166666666667	35.8333333333333	0	0	*	0	0	*
temp_vcf4_Anhui_ferret27_day1.vcf	NA	1000	AAT	1149	AGA	0	0	113.833333333333	36.1666666666667	0	0	*	0	0	*
temp_vcf4_Anhui_ferret27_day1.vcf	NA	1003	GAC	1152	TCA	0	0	113.166666666667	36.8333333333333	0	0	*	0	0	*
temp_vcf4_Anhui_ferret27_day1.vcf	NA	1006	CCT	1155	AAG	0	0	113.166666666667	36.8333333333333	0	0	*	0	0	*
temp_vcf4_Anhui_ferret27_day1.vcf	NA	1009	TAT	1158	CCC	0	0	113.166666666667	36.8333333333333	0	0	*	0	0	*
temp_vcf4_Anhui_ferret27_day1.vcf	NA	1012	CCA	1161	ATT	0	0	113.5	36.5	0	0	*	0	0	*
temp_vcf4_Anhui_ferret27_day1.vcf	NA	1015	GGT	1164	CAA	0	0	114.166666666667	35.8333333333333	0	0	*	0	0	*
temp_vcf4_Anhui_ferret27_day1.vcf	NA	1018	AAT	1167	GGT	0	0	114.166666666667	35.8333333333333	0	0	*	0	0	*
temp_vcf4_Anhui_ferret27_day1.vcf	NA	1021	AAT	1170	CAG	0	0	114.166666666667	35.8333333333333	0	0	*	0	0	*
temp_vcf4_Anhui_ferret27_day1.vcf	NA	1024	AAC	1173	ACA	0	0	113.5	36.5	0	0	*	0	0	*
temp_vcf4_Anhui_ferret27_day1.vcf	NA	1027	AAT	1176	ATT	0	0	113.166666666667	36.8333333333333	0	0	*	0	0	*
temp_vcf4_Anhui_ferret27_day1.vcf	NA	1030	GGA	1179	GTA	0	0	112.5	37.5	0	0	*	0	0	*
temp_vcf4_Anhui_ferret27_day1.vcf	NA	1033	GTC	1182	TTA	0	0	112.833333333333	37.1666666666667	0	0	*	0	0	*
temp_vcf4_Anhui_ferret27_day1.vcf	NA	1036	AAG	1185	AAC	0	0	113.5	36.5	0	0	*	0	0	*
temp_vcf4_Anhui_ferret27_day1.vcf	NA	1039	GGA	1188	GCT	0	0	112.833333333333	37.1666666666667	0	0	*	0	0	*
temp_vcf4_Anhui_ferret27_day1.vcf	NA	1042	TTC	1191	GAC	0	0	113.5	36.5	0	0	*	0	0	*
temp_vcf4_Anhui_ferret27_day1.vcf	NA	1045	TCA	1194	TGG	0	0	113.833333333333	36.1666666666667	0	0	*	0	0	*
temp_vcf4_Anhui_ferret27_day1.vcf	NA	1048	TAC	1197	AGT	0.0707232429784723	0	114.493882067986	35.5061179320137	0.000617703249300927	0	*	0.00032060745446982	0	*
temp_vcf4_Anhui_ferret27_day1.vcf	NA	1051	CTG	1200	GGT	0.0707232429784723	0	114.493882067986	35.5061179320137	0.000617703249300927	0	*	0.00032060745446982	0	*
temp_vcf4_Anhui_ferret27_day1.vcf	NA	1054	GAT	1203	TAC	0.0707232429784723	0	114.82721540132	35.1727845986804	0.000615910110954929	0	*	0.000319676759154111	0	*
temp_vcf4_Anhui_ferret27_day1.vcf	NA	1057	GGG	1206	AGT	0.0707232429784723	0	114.82721540132	35.1727845986804	0.000615910110954929	0	*	0.000319676759154111	0	*
temp_vcf4_Anhui_ferret27_day1.vcf	NA	1060	GCT	1209	GGA	0.0707232429784723	0	114.82721540132	35.1727845986804	0.000615910110954929	0	*	0.000319676759154111	0	*
temp_vcf4_Anhui_ferret27_day1.vcf	NA	1063	AAC	1212	TCT	0.0707232429784723	0	114.82721540132	35.1727845986804	0.000615910110954929	0	*	0.000319676759154111	0	*
temp_vcf4_Anhui_ferret27_day1.vcf	NA	1066	ACT	1215	TTC	0.0707232429784723	0	114.82721540132	35.1727845986804	0.000615910110954929	0	*	0.000319676759154111	0	*
temp_vcf4_Anhui_ferret27_day1.vcf	NA	1069	TGG	1218	ATG	0.0707232429784723	0	115.82721540132	34.1727845986804	0.000610592620511764	0	*	0.000316916814023371	0	*
temp_vcf4_Anhui_ferret27_day1.vcf	NA	1072	CTA	1221	GAC	0.0707232429784723	0	115.493882067986	34.5061179320137	0.00061235488592236	0	*	0.000317831485312587	0	*
temp_vcf4_Anhui_ferret27_day1.vcf	NA	1075	GGG	1224	TAT	0.0707232429784723	0	115.82721540132	34.1727845986804	0.000610592620511764	0	*	0.000316916814023371	0	*
temp_vcf4_Anhui_ferret27_day1.vcf	NA	1078	AGG	1227	TGG	0.0707232429784723	0	116.82721540132	33.1727845986804	0.000605366161775978	0	*	0.000314204117217796	0	*
temp_vcf4_Anhui_ferret27_day1.vcf	NA	1081	ACA	1230	GCT	0.0707232429784723	0	116.493882067986	33.5061179320137	0.000607098344762843	0	*	0.000315103174780991	0	*
temp_vcf4_Anhui_ferret27_day1.vcf	NA	1084	ATA	1233	GAA	0.0707232429784723	0	117.160548734653	32.839451265347	0.000603643835252491	0	*	0.000313310175469738	0	*
temp_vcf4_Anhui_ferret27_day1.vcf	NA	1087	AGC	1236	GGG	0.0707232429784723	0	116.82721540132	33.1727845986804	0.000605366161775978	0	*	0.000314204117217796	0	*
temp_vcf4_Anhui_ferret27_day1.vcf	NA	1090	ACA	1239	GAC	0.0707232429784723	0	116.82721540132	33.1727845986804	0.000605366161775978	0	*	0.000314204117217796	0	*
temp_vcf4_Anhui_ferret27_day1.vcf	NA	1093	GCC	1242	TGC	0.0707232429784723	0	117.32721540132	32.6727845986804	0.000602786341911911	0	*	0.000312865109400457	0	*
temp_vcf4_Anhui_ferret27_day1.vcf	NA	1096	TCG	1245	TAT	0.0707232429784723	0	117.32721540132	32.6727845986804	0.000602786341911911	0	*	0.000312865109400457	0	*
temp_vcf4_Anhui_ferret27_day1.vcf	NA	1099	AGG	1248	CGA	0.0707232429784723	0	116.82721540132	33.1727845986804	0.000605366161775978	0	*	0.000314204117217796	0	*
temp_vcf4_Anhui_ferret27_day1.vcf	NA	1102	TCT	1251	GCG	0.0707232429784723	0	116.493882067986	33.5061179320137	0.000607098344762843	0	*	0.000315103174780991	0	*
temp_vcf4_Anhui_ferret27_day1.vcf	NA	1105	GGA	1254	TGT	0.0707232429784723	0	116.993882067986	33.0061179320137	0.000604503771721792	0	*	0.000313756509599825	0	*
temp_vcf4_Anhui_ferret27_day1.vcf	NA	1108	TAC	1257	TTT	0.0707232429784723	0	117.660548734653	32.339451265347	0.000601078643088489	0	*	0.000311978759889753	0	*
temp_vcf4_Anhui_ferret27_day1.vcf	NA	1111	GAG	1260	TAT	0.0707232429784723	0	117.660548734653	32.339451265347	0.000601078643088489	0	*	0.000311978759889753	0	*
temp_vcf4_Anhui_ferret27_day1.vcf	NA	1114	ATG	1263	GTG	0.0707232429784723	0	116.993882067986	33.0061179320137	0.000604503771721792	0	*	0.000313756509599825	0	*
temp_vcf4_Anhui_ferret27_day1.vcf	NA	1117	TTA	1266	GAG	0.0707232429784723	0	116.660548734653	33.339451265347	0.000606231015930963	0	*	0.000314653003781742	0	*
temp_vcf4_Anhui_ferret27_day1.vcf	NA	1120	AAA	1269	TTG	0.0707232429784723	0	116.660548734653	33.339451265347	0.000606231015930963	0	*	0.000314653003781742	0	*
temp_vcf4_Anhui_ferret27_day1.vcf	NA	1123	GTG	1272	ATA	0.0707232429784723	0	116.32721540132	33.6727845986804	0.000607968158908323	0	*	0.000315554635736329	0	*
temp_vcf4_Anhui_ferret27_day1.vcf	NA	1126	CCA	1275	CGT	0.0707232429784723	0	116.32721540132	33.6727845986804	0.000607968158908323	0	*	0.000315554635736329	0	*
temp_vcf4_Anhui_ferret27_day1.vcf	NA	1129	AAT	1278	GGA	0.0707232429784723	0	116.32721540132	33.6727845986804	0.000607968158908323	0	*	0.000315554635736329	0	*
temp_vcf4_Anhui_ferret27_day1.vcf	NA	1132	GCA	1281	AGA	0.0707232429784723	0	115.82721540132	34.1727845986804	0.000610592620511764	0	*	0.000316916814023371	0	*
temp_vcf4_Anhui_ferret27_day1.vcf	NA	1135	TTG	1284	CCC	0.0707232429784723	0	115.82721540132	34.1727845986804	0.000610592620511764	0	*	0.000316916814023371	0	*
temp_vcf4_Anhui_ferret27_day1.vcf	NA	1138	ACA	1287	AAG	0.0707232429784723	0	116.160548734653	33.839451265347	0.000608840469065158	0	*	0.000316007392200225	0	*
temp_vcf4_Anhui_ferret27_day1.vcf	NA	1141	GAT	1290	GAA	0.0707232429784723	0	116.82721540132	33.1727845986804	0.000605366161775978	0	*	0.000314204117217796	0	*
temp_vcf4_Anhui_ferret27_day1.vcf	NA	1144	GAT	1293	GAT	0.0707232429784723	0	116.82721540132	33.1727845986804	0.000605366161775978	0	*	0.000314204117217796	0	*
temp_vcf4_Anhui_ferret27_day1.vcf	NA	1147	AGA	1296	AAA	0.12251572374293	0	116.82721540132	33.1727845986804	0.001048691636808	0	*	0.000541909420732344	0	*
temp_vcf4_Anhui_ferret27_day1.vcf	NA	1150	TCA	1299	GTG	0.12251572374293	0	116.660548734653	33.339451265347	0.00105018984628296	0	*	0.000542683617646111	0	*
temp_vcf4_Anhui_ferret27_day1.vcf	NA	1153	AAG	1302	TGG	0.12251572374293	0	117.660548734653	32.339451265347	0.00104126425603561	0	*	0.000538071335759937	0	*
temp_vcf4_Anhui_ferret27_day1.vcf	NA	1156	CCC	1305	TGG	0.12251572374293	0	117.993882067986	32.0061179320137	0.00103832267907194	0	*	0.000536551281425114	0	*
temp_vcf4_Anhui_ferret27_day1.vcf	NA	1159	ATT	1308	ACC	0.12251572374293	0	117.993882067986	32.0061179320137	0.00103832267907194	0	*	0.000536551281425114	0	*
temp_vcf4_Anhui_ferret27_day1.vcf	NA	1162	CAA	1311	AGC	0.12251572374293	0	118.32721540132	31.6727845986804	0.0010353976752297	0	*	0.000535039791219458	0	*
temp_vcf4_Anhui_ferret27_day1.vcf	NA	1165	GGT	1314	AAT	0.12251572374293	0	118.32721540132	31.6727845986803	0.0010353976752297	0	*	0.000535039791219458	0	*
temp_vcf4_Anhui_ferret27_day1.vcf	NA	1168	CAG	1317	AGT	0.12251572374293	0	118.993882067986	31.0061179320137	0.00102959682980115	0	*	0.000532042215310954	0	*
temp_vcf4_Anhui_ferret27_day1.vcf	NA	1171	ACA	1320	ATA	0.12251572374293	0	118.660548734653	31.339451265347	0.00103248910484055	0	*	0.000533536792969618	0	*
temp_vcf4_Anhui_ferret27_day1.vcf	NA	1174	ATT	1323	GTA	0.12251572374293	0	118.660548734653	31.339451265347	0.00103248910484055	0	*	0.000533536792969619	0	*
temp_vcf4_Anhui_ferret27_day1.vcf	NA	1177	GTA	1326	TCG	0.12251572374293	0	118.32721540132	31.6727845986804	0.0010353976752297	0	*	0.000535039791219458	0	*
temp_vcf4_Anhui_ferret27_day1.vcf	NA	1180	TTA	1329	ATG	0.12251572374293	0	119.32721540132	30.6727845986804	0.00102672071355128	0	*	0.000530555987676234	0	*
temp_vcf4_Anhui_ferret27_day1.vcf	NA	1183	AAC	1332	TGT	0.12251572374293	0	119.493882067986	30.5061179320137	0.00102528867271401	0	*	0.000529815983280898	0	*
temp_vcf4_Anhui_ferret27_day1.vcf	NA	1186	GCT	1335	TCC	0.12251572374293	0	118.82721540132	31.1727845986804	0.00103104093897306	0	*	0.0005327884559954	0	*
temp_vcf4_Anhui_ferret27_day1.vcf	NA	1189	GAC	1338	AGT	0.12251572374293	0	119.493882067986	30.5061179320137	0.00102528867271401	0	*	0.000529815983280898	0	*
temp_vcf4_Anhui_ferret27_day1.vcf	NA	1192	TGG	1341	ACA	0.12251572374293	0	118.82721540132	31.1727845986804	0.00103104093897306	0	*	0.0005327884559954	0	*
temp_vcf4_Anhui_ferret27_day1.vcf	NA	1195	AGT	1344	GAA	0.12251572374293	0	118.493882067986	31.5061179320137	0.00103394134452137	0	*	0.000534287235079172	0	*
temp_vcf4_Anhui_ferret27_day1.vcf	NA	1198	GGT	1347	TTC	0.0517924807644582	0	118.5	31.5	0.000437067348223276	0	*	0.000224490941280312	0	*
temp_vcf4_Anhui_ferret27_day1.vcf	NA	1201	TAC	1350	CTG	0.0517924807644582	0	118.166666666667	31.8333333333333	0.000438300260348024	0	*	0.00022512420204556	0	*
temp_vcf4_Anhui_ferret27_day1.vcf	NA	1204	AGT	1353	GGA	0.0517924807644582	0	118.166666666667	31.8333333333333	0.000438300260348024	0	*	0.00022512420204556	0	*
temp_vcf4_Anhui_ferret27_day1.vcf	NA	1207	GGA	1356	CAA	0.0517924807644582	0	118.166666666667	31.8333333333333	0.000438300260348024	0	*	0.00022512420204556	0	*
temp_vcf4_Anhui_ferret27_day1.vcf	NA	1210	TCT	1359	TGG	0.0517924807644582	0	119.166666666667	30.8333333333333	0.000434622216205243	0	*	0.00022323504790252	0	*
temp_vcf4_Anhui_ferret27_day1.vcf	NA	1213	TTC	1362	AAC	0.0517924807644582	0	119.833333333333	30.1666666666666	0.000432204290106744	0	*	0.000221993128303619	0	*
temp_vcf4_Anhui_ferret27_day1.vcf	NA	1216	ATG	1365	TGG	0.0517924807644582	0	120.166666666667	29.8333333333333	0.000431005387776351	0	*	0.000221377335992097	0	*
temp_vcf4_Anhui_ferret27_day1.vcf	NA	1219	GAC	1368	CCT	0.0517924807644582	0	119.166666666667	30.8333333333333	0.000434622216205243	0	*	0.00022323504790252	0	*
temp_vcf4_Anhui_ferret27_day1.vcf	NA	1222	TAT	1371	GAT	0.0517924807644582	0	119.166666666667	30.8333333333333	0.000434622216205243	0	*	0.00022323504790252	0	*
temp_vcf4_Anhui_ferret27_day1.vcf	NA	1225	TGG	1374	GGG	0.0517924807644582	0	119.166666666667	30.8333333333333	0.000434622216205243	0	*	0.00022323504790252	0	*
temp_vcf4_Anhui_ferret27_day1.vcf	NA	1228	GCT	1377	GCT	0.0517924807644582	0	118.166666666667	31.8333333333333	0.000438300260348024	0	*	0.00022512420204556	0	*
temp_vcf4_Anhui_ferret27_day1.vcf	NA	1231	GAA	1380	AAA	0.457455888371654	0	118.69197740113	31.30802259887	0.00385414329079413	0	*	0.00260602315102682	0	*
temp_vcf4_Anhui_ferret27_day1.vcf	NA	1234	GGG	1383	ATA	0.457455888371654	0	118.358644067797	31.6413559322034	0.00386499771076813	0	*	0.00261336249147396	0	*
temp_vcf4_Anhui_ferret27_day1.vcf	NA	1237	GAC	1386	GAG	0.457455888371654	0	119.025310734463	30.9746892655367	0.00384334966696457	0	*	0.00259872491858941	0	*
temp_vcf4_Anhui_ferret27_day1.vcf	NA	1240	TGC	1389	TAC	0.457455888371654	0	118.358644067797	31.6413559322034	0.00386499771076813	0	*	0.00261336249147396	0	*
temp_vcf4_Anhui_ferret27_day1.vcf	NA	1243	TAT	1392	TTC	0.457455888371654	0	118.525310734463	31.4746892655367	0.00385956286920445	0	*	0.00260968766107237	0	*
temp_vcf4_Anhui_ferret27_day1.vcf	NA	1246	CGA	1395	CTC	0.457455888371654	0	118.525310734463	31.4746892655367	0.00385956286920445	0	*	0.00260968766107237	0	*
temp_vcf4_Anhui_ferret27_day1.vcf	NA	1249	GCG	1398	TAA	0.457455888371654	0	117.025310734463	29.9746892655367	0.00390903374236404	0	*	0.00264313795885018	0	*
